 1s
 1s
 2s
 5s
 4s
 1s
 1.52369
 4.12826
 1.52507
 4.11829
 1.51603
 3.96814
 1.46346
 15.4242
 18.5774
 3.94983
 3.93054
 3.98967
 9.40188
 5.92842
 5.30888
 18.0184
 1.96284
 20.1032
 10.595
 16.2448
 11.9262
 5.63952
 5.86925
 11.049
 9.94898
 9.64396
 1.72828
 18.1342
 1.94278
 1.96991
 2.30087
 2.23247
 2.57927
 3.11187
 6.68761
 2.87701
 2.62419
 2.19348
 20.1352
GUWNIATOR 2.06137
NEW NAME 1.62211
 2.03094
 9.62104
 7.50577
 4.85705
 5.97696
 5.25914
 6.21126
 3.65206
 9.85147
 21.6297
 5.50095
 2.36194
 2.37406
 2.32752
 2.29646
 2.49443
 2.48659
 2.93804
 2.10974
 2.04821
 1.86578
 6.02379
 7.73239
 22.9141
 1.66344
 5.80589
 8.45182
 1.91625
 15.3745
 17.1339
 1.61508
 13.1839
 20.9453
 1.49128
 21.2218
 2.79464
 7.19168
 15.3587
 9.95331
 2.29889
 15.5301
 1.70705
 1.87163
 13.221
 2.26225
 13.6798
 1.60525
 1.7328
 1.85339
 2.10994
 11.8744
 6.31333
 14.6316
 7.85082
 1.57682
 4.84004
 1.59179
 7.12922
 1.80967
 2.00663
 9.20552
 18.1939
 4.84174
 1.79759
 2.14006
 7.71061
 1.79024
 11.0842
 2.3189
 1.77831
 11.3
 1.77742
